162
78
116
41
64
50
193
255
26
1
58
27
148
141
99
104
140
33
124
184
209
109
45
33
28
172
157
91
108
235
216
28
55
91
240
93
214
210
93
105
196
8
125
92
152
210
69
125
33
185
150
131
195
17
30
248
169
252
152
233
91
73
18
162
180
120
218
185
93
232
205
4
131
201
237
250
23
163
155
111
237
63
197
97
197
50
206
195
162
128
111
179
206
23
32
107
137
101
38
7
50
140
229
204
50
154
132
102
2
132
170
28
207
21
78
239
128
238
18
114
73
192
98
40
172
38
194
70
80
223
55
23
73
10
251
71
218
175
141
209
197
225
255
116
221
180
29
121
34
113
